c = 0.07957747154594767
The mask rounded to integers
 001 015 148 854 2980 6310 8103 6310 2980 854 148 015 001
 015 244 2321 13359 46630 98715 126753 98715 46630 13359 2321 244 015
 148 2321 22026 126753 442413 936589 1202604 936589 442413 126753 22026 2321 148
 854 13359 126753 729416 2545913 5389698 6920509 5389698 2545913 729416 126753 13359 854
 2980 46630 442413 2545913 8886110 18811896 24154952 18811896 8886110 2545913 442413 46630 2980
 6310 98715 936589 5389698 18811896 39824784 51136035 39824784 18811896 5389698 936589 98715 6310
 8103 126753 1202604 6920509 24154952 51136035 65659969 51136035 24154952 6920509 1202604 126753 8103
 6310 98715 936589 5389698 18811896 39824784 51136035 39824784 18811896 5389698 936589 98715 6310
 2980 46630 442413 2545913 8886110 18811896 24154952 18811896 8886110 2545913 442413 46630 2980
 854 13359 126753 729416 2545913 5389698 6920509 5389698 2545913 729416 126753 13359 854
 148 2321 22026 126753 442413 936589 1202604 936589 442413 126753 22026 2321 148
 015 244 2321 13359 46630 98715 126753 98715 46630 13359 2321 244 015
 001 015 148 854 2980 6310 8103 6310 2980 854 148 015 001
total = 8.251029453242102E8
{{ 0.00000, 0.00000, 0.00000, 0.00000, 0.00000, 0.00001, 0.00001, 0.00001, 0.00000, 0.00000, 0.00000, 0.00000, 0.00000},
{ 0.00000, 0.00000, 0.00000, 0.00002, 0.00006, 0.00012, 0.00015, 0.00012, 0.00006, 0.00002, 0.00000, 0.00000, 0.00000},
{ 0.00000, 0.00000, 0.00003, 0.00015, 0.00054, 0.00114, 0.00146, 0.00114, 0.00054, 0.00015, 0.00003, 0.00000, 0.00000},
{ 0.00000, 0.00002, 0.00015, 0.00088, 0.00309, 0.00653, 0.00839, 0.00653, 0.00309, 0.00088, 0.00015, 0.00002, 0.00000},
{ 0.00000, 0.00006, 0.00054, 0.00309, 0.01077, 0.02280, 0.02928, 0.02280, 0.01077, 0.00309, 0.00054, 0.00006, 0.00000},
{ 0.00001, 0.00012, 0.00114, 0.00653, 0.02280, 0.04827, 0.06198, 0.04827, 0.02280, 0.00653, 0.00114, 0.00012, 0.00001},
{ 0.00001, 0.00015, 0.00146, 0.00839, 0.02928, 0.06198, 0.07958, 0.06198, 0.02928, 0.00839, 0.00146, 0.00015, 0.00001},
{ 0.00001, 0.00012, 0.00114, 0.00653, 0.02280, 0.04827, 0.06198, 0.04827, 0.02280, 0.00653, 0.00114, 0.00012, 0.00001},
{ 0.00000, 0.00006, 0.00054, 0.00309, 0.01077, 0.02280, 0.02928, 0.02280, 0.01077, 0.00309, 0.00054, 0.00006, 0.00000},
{ 0.00000, 0.00002, 0.00015, 0.00088, 0.00309, 0.00653, 0.00839, 0.00653, 0.00309, 0.00088, 0.00015, 0.00002, 0.00000},
{ 0.00000, 0.00000, 0.00003, 0.00015, 0.00054, 0.00114, 0.00146, 0.00114, 0.00054, 0.00015, 0.00003, 0.00000, 0.00000},
{ 0.00000, 0.00000, 0.00000, 0.00002, 0.00006, 0.00012, 0.00015, 0.00012, 0.00006, 0.00002, 0.00000, 0.00000, 0.00000},
{ 0.00000, 0.00000, 0.00000, 0.00000, 0.00000, 0.00001, 0.00001, 0.00001, 0.00000, 0.00000, 0.00000, 0.00000, 0.00000}}
sum = 0.9999999999999997
