c = 0.05305164769729845
The mask rounded to integers
 001 006 028 090 207 341 403 341 207 090 028 006 001
 006 039 175 563 1295 2135 2523 2135 1295 563 175 039 006
 028 175 785 2523 5806 9572 11308 9572 5806 2523 785 175 028
 090 563 2523 8103 18645 30740 36315 30740 18645 8103 2523 563 090
 207 1295 5806 18645 42901 70732 83561 70732 42901 18645 5806 1295 207
 341 2135 9572 30740 70732 116618 137768 116618 70732 30740 9572 2135 341
 403 2523 11308 36315 83561 137768 162754 137768 83561 36315 11308 2523 403
 341 2135 9572 30740 70732 116618 137768 116618 70732 30740 9572 2135 341
 207 1295 5806 18645 42901 70732 83561 70732 42901 18645 5806 1295 207
 090 563 2523 8103 18645 30740 36315 30740 18645 8103 2523 563 090
 028 175 785 2523 5806 9572 11308 9572 5806 2523 785 175 028
 006 039 175 563 1295 2135 2523 2135 1295 563 175 039 006
 001 006 028 090 207 341 403 341 207 090 028 006 001
total = 3066983.065829658
{{ 0.00000, 0.00000, 0.00001, 0.00003, 0.00007, 0.00011, 0.00013, 0.00011, 0.00007, 0.00003, 0.00001, 0.00000, 0.00000},
{ 0.00000, 0.00001, 0.00006, 0.00018, 0.00042, 0.00070, 0.00082, 0.00070, 0.00042, 0.00018, 0.00006, 0.00001, 0.00000},
{ 0.00001, 0.00006, 0.00026, 0.00082, 0.00189, 0.00312, 0.00369, 0.00312, 0.00189, 0.00082, 0.00026, 0.00006, 0.00001},
{ 0.00003, 0.00018, 0.00082, 0.00264, 0.00608, 0.01002, 0.01184, 0.01002, 0.00608, 0.00264, 0.00082, 0.00018, 0.00003},
{ 0.00007, 0.00042, 0.00189, 0.00608, 0.01399, 0.02306, 0.02725, 0.02306, 0.01399, 0.00608, 0.00189, 0.00042, 0.00007},
{ 0.00011, 0.00070, 0.00312, 0.01002, 0.02306, 0.03802, 0.04492, 0.03802, 0.02306, 0.01002, 0.00312, 0.00070, 0.00011},
{ 0.00013, 0.00082, 0.00369, 0.01184, 0.02725, 0.04492, 0.05307, 0.04492, 0.02725, 0.01184, 0.00369, 0.00082, 0.00013},
{ 0.00011, 0.00070, 0.00312, 0.01002, 0.02306, 0.03802, 0.04492, 0.03802, 0.02306, 0.01002, 0.00312, 0.00070, 0.00011},
{ 0.00007, 0.00042, 0.00189, 0.00608, 0.01399, 0.02306, 0.02725, 0.02306, 0.01399, 0.00608, 0.00189, 0.00042, 0.00007},
{ 0.00003, 0.00018, 0.00082, 0.00264, 0.00608, 0.01002, 0.01184, 0.01002, 0.00608, 0.00264, 0.00082, 0.00018, 0.00003},
{ 0.00001, 0.00006, 0.00026, 0.00082, 0.00189, 0.00312, 0.00369, 0.00312, 0.00189, 0.00082, 0.00026, 0.00006, 0.00001},
{ 0.00000, 0.00001, 0.00006, 0.00018, 0.00042, 0.00070, 0.00082, 0.00070, 0.00042, 0.00018, 0.00006, 0.00001, 0.00000},
{ 0.00000, 0.00000, 0.00001, 0.00003, 0.00007, 0.00011, 0.00013, 0.00011, 0.00007, 0.00003, 0.00001, 0.00000, 0.00000}}
sum = 0.9999999999999987
