c = 0.039788735772973836
The mask rounded to integers
 001 003 012 029 054 079 090 079 054 029 012 003 001
 003 015 048 115 215 314 356 314 215 115 048 015 003
 012 048 148 356 665 967 1096 967 665 356 148 048 012
 029 115 356 854 1595 2321 2630 2321 1595 854 356 115 029
 054 215 665 1595 2980 4337 4914 4337 2980 1595 665 215 054
 079 314 967 2321 4337 6310 7150 6310 4337 2321 967 314 079
 090 356 1096 2630 4914 7150 8103 7150 4914 2630 1096 356 090
 079 314 967 2321 4337 6310 7150 6310 4337 2321 967 314 079
 054 215 665 1595 2980 4337 4914 4337 2980 1595 665 215 054
 029 115 356 854 1595 2321 2630 2321 1595 854 356 115 029
 012 048 148 356 665 967 1096 967 665 356 148 048 012
 003 015 048 115 215 314 356 314 215 115 048 015 003
 001 003 012 029 054 079 090 079 054 029 012 003 001
total = 203235.80465487987
{{ 0.00000, 0.00002, 0.00006, 0.00014, 0.00027, 0.00039, 0.00044, 0.00039, 0.00027, 0.00014, 0.00006, 0.00002, 0.00000},
{ 0.00002, 0.00008, 0.00024, 0.00057, 0.00106, 0.00155, 0.00175, 0.00155, 0.00106, 0.00057, 0.00024, 0.00008, 0.00002},
{ 0.00006, 0.00024, 0.00073, 0.00175, 0.00327, 0.00476, 0.00540, 0.00476, 0.00327, 0.00175, 0.00073, 0.00024, 0.00006},
{ 0.00014, 0.00057, 0.00175, 0.00420, 0.00785, 0.01142, 0.01294, 0.01142, 0.00785, 0.00420, 0.00175, 0.00057, 0.00014},
{ 0.00027, 0.00106, 0.00327, 0.00785, 0.01467, 0.02134, 0.02418, 0.02134, 0.01467, 0.00785, 0.00327, 0.00106, 0.00027},
{ 0.00039, 0.00155, 0.00476, 0.01142, 0.02134, 0.03105, 0.03519, 0.03105, 0.02134, 0.01142, 0.00476, 0.00155, 0.00039},
{ 0.00044, 0.00175, 0.00540, 0.01294, 0.02418, 0.03519, 0.03987, 0.03519, 0.02418, 0.01294, 0.00540, 0.00175, 0.00044},
{ 0.00039, 0.00155, 0.00476, 0.01142, 0.02134, 0.03105, 0.03519, 0.03105, 0.02134, 0.01142, 0.00476, 0.00155, 0.00039},
{ 0.00027, 0.00106, 0.00327, 0.00785, 0.01467, 0.02134, 0.02418, 0.02134, 0.01467, 0.00785, 0.00327, 0.00106, 0.00027},
{ 0.00014, 0.00057, 0.00175, 0.00420, 0.00785, 0.01142, 0.01294, 0.01142, 0.00785, 0.00420, 0.00175, 0.00057, 0.00014},
{ 0.00006, 0.00024, 0.00073, 0.00175, 0.00327, 0.00476, 0.00540, 0.00476, 0.00327, 0.00175, 0.00073, 0.00024, 0.00006},
{ 0.00002, 0.00008, 0.00024, 0.00057, 0.00106, 0.00155, 0.00175, 0.00155, 0.00106, 0.00057, 0.00024, 0.00008, 0.00002},
{ 0.00000, 0.00002, 0.00006, 0.00014, 0.00027, 0.00039, 0.00044, 0.00039, 0.00027, 0.00014, 0.00006, 0.00002, 0.00000}}
sum = 0.9999999999999992
